11010100110011011101011001101110101101111101101110
01111100101010001000111000101111010110001101101110
10101101101101010100010111001111001001101011011001
00111110000101110100110101111011001110000111101001
01110011110001000110001101011011010010101010100010
00111101111111011011110101001100110111010110011011
10101110011110010011010110110010011111000010111010
01101011110111100001000101100111001010100010001110
00100101100010000110100111111010001110101100000010
00010110111100000111010011110111100001101111101010
01100110001111000110110001100101000010101101000111
01011010000111011010110010001001001001011011010100
11111111111010110000111011001000001101101110101100
00111111010101011010101011100111110111101110011011
10001111100100111110010001110000110011110000111100
01110110011101100011101010000101100101010010100001
00110010110010110110001110111001111110001010011110
01011110001011111000111101111110100011001101010111
11110100000100110011011110010011001110100110110011
00111100111101111101010001111111011110110000100000
00000000010100001001100111011100000111000010001010
1110100100101110010000001001000000111001111000
