序号,总距离(km),城市数,路径
1,1521.00,2,北京->成都
2,1522.00,3,北京->西安->成都
3,1524.00,3,北京->太原->成都
4,1527.00,4,北京->石家庄->西安->成都
5,1527.00,3,北京->石家庄->成都
6,1529.00,4,北京->太原->西安->成都
7,1556.00,4,北京->石家庄->太原->成都
8,1625.00,4,北京->天津->西安->成都
9,1625.00,3,北京->天津->成都
10,1627.00,3,北京->郑州->成都
11,1628.00,4,北京->天津->石家庄->成都
12,1646.00,4,北京->石家庄->郑州->成都
13,1648.00,4,北京->天津->太原->成都
14,1666.00,4,北京->郑州->西安->成都
15,1688.00,4,北京->天津->郑州->成都
16,1731.00,4,北京->石家庄->重庆->成都
17,1731.00,3,北京->重庆->成都
18,1733.00,3,北京->济南->成都
19,1734.00,3,北京->呼和浩特->成都
20,1737.00,4,北京->济南->郑州->成都
21,1750.00,4,北京->济南->西安->成都
22,1751.00,4,北京->天津->济南->成都
23,1753.00,4,北京->太原->重庆->成都
24,1755.00,4,北京->西安->重庆->成都
25,1772.00,4,北京->太原->郑州->成都
26,1774.00,3,北京->银川->成都
27,1776.00,4,北京->郑州->重庆->成都
28,1785.00,4,北京->呼和浩特->西安->成都
29,1788.00,3,北京->兰州->成都
30,1810.00,4,北京->太原->兰州->成都
31,1817.00,4,北京->天津->重庆->成都
32,1831.00,4,北京->太原->石家庄->成都
33,1832.00,4,北京->银川->兰州->成都
34,1834.00,4,北京->呼和浩特->银川->成都
35,1837.00,4,北京->太原->银川->成都
36,1841.00,4,北京->石家庄->兰州->成都
37,1861.00,4,北京->呼和浩特->太原->成都
38,1864.00,4,北京->石家庄->银川->成都
39,1883.00,4,北京->呼和浩特->兰州->成都
40,1885.00,4,北京->济南->重庆->成都
41,1896.00,4,北京->济南->石家庄->成都
42,1900.00,4,北京->济南->太原->成都
43,1910.00,4,北京->石家庄->济南->成都
44,1925.00,4,北京->天津->呼和浩特->成都
45,1931.00,4,北京->天津->兰州->成都
46,1932.00,4,北京->天津->银川->成都
47,1981.00,4,北京->石家庄->呼和浩特->成都
48,2012.00,4,北京->银川->西安->成都
49,2016.00,4,北京->呼和浩特->重庆->成都
50,2021.00,4,北京->西安->兰州->成都
51,2032.00,3,北京->武汉->成都
52,2032.00,3,北京->西宁->成都
53,2037.00,4,北京->银川->西宁->成都
54,2050.00,4,北京->呼和浩特->石家庄->成都
55,2058.00,4,北京->石家庄->天津->成都
56,2061.00,4,北京->济南->武汉->成都
57,2067.00,4,北京->太原->呼和浩特->成都
58,2068.00,4,北京->郑州->武汉->成都
59,2069.00,4,北京->天津->武汉->成都
60,2072.00,4,北京->太原->西宁->成都
61,2077.00,4,北京->石家庄->武汉->成都
62,2078.00,4,北京->武汉->重庆->成都
63,2082.00,4,北京->兰州->西宁->成都
64,2091.00,4,北京->郑州->太原->成都
65,2094.00,4,北京->呼和浩特->西宁->成都
66,2103.00,4,北京->石家庄->西宁->成都
67,2107.00,4,北京->呼和浩特->郑州->成都
68,2124.00,4,北京->郑州->兰州->成都
69,2130.00,4,北京->西宁->兰州->成都
70,2142.00,4,北京->银川->重庆->成都
71,2149.00,4,北京->济南->兰州->成都
72,2161.00,3,北京->合肥->成都
73,2162.00,4,北京->济南->合肥->成都
74,2167.00,4,北京->济南->天津->成都
75,2179.00,4,北京->天津->合肥->成都
76,2184.00,4,北京->天津->西宁->成都
77,2189.00,4,北京->太原->济南->成都
78,2192.00,4,北京->合肥->武汉->成都
79,2208.00,4,北京->济南->银川->成都
80,2211.00,4,北京->太原->武汉->成都
81,2221.00,4,北京->兰州->重庆->成都
82,2225.00,4,北京->合肥->重庆->成都
83,2240.00,4,北京->郑州->石家庄->成都
84,2247.00,3,北京->长沙->成都
85,2254.00,4,北京->长沙->重庆->成都
86,2254.00,3,北京->贵阳->成都
87,2255.00,4,北京->石家庄->贵阳->成都
88,2257.00,4,北京->武汉->长沙->成都
89,2262.00,4,北京->郑州->长沙->成都
90,2265.00,4,北京->郑州->银川->成都
91,2267.00,4,北京->石家庄->合肥->成都
92,2268.00,4,北京->郑州->贵阳->成都
93,2280.00,4,北京->石家庄->长沙->成都
94,2284.00,4,北京->济南->长沙->成都
95,2289.00,4,北京->天津->长沙->成都
96,2295.00,4,北京->太原->贵阳->成都
97,2295.00,4,北京->兰州->西安->成都
98,2304.00,4,北京->西安->银川->成都
99,2308.00,3,北京->南京->成都
100,2308.00,4,北京->武汉->西安->成都
101,2309.00,4,北京->南京->合肥->成都
102,2312.00,4,北京->重庆->贵阳->成都
103,2312.00,4,北京->济南->南京->成都
104,2315.00,4,北京->西安->西宁->成都
105,2316.00,4,北京->西安->贵阳->成都
106,2317.00,4,北京->天津->南京->成都
107,2326.00,4,北京->天津->贵阳->成都
108,2329.00,4,北京->贵阳->重庆->成都
109,2330.00,4,北京->合肥->西安->成都
110,2336.00,4,北京->南京->武汉->成都
111,2340.00,4,北京->济南->呼和浩特->成都
112,2345.00,4,北京->郑州->济南->成都
113,2348.00,4,北京->郑州->合肥->成都
114,2353.00,4,北京->太原->天津->成都
115,2366.00,4,北京->济南->贵阳->成都
116,2371.00,4,北京->西安->郑州->成都
117,2373.00,4,北京->南京->重庆->成都
118,2376.00,4,北京->合肥->郑州->成都
119,2385.00,4,北京->合肥->长沙->成都
120,2389.00,4,北京->太原->长沙->成都
121,2398.00,4,北京->兰州->银川->成都
122,2407.00,3,北京->南昌->成都
123,2413.00,4,北京->郑州->西宁->成都
124,2415.00,4,北京->济南->南昌->成都
125,2423.00,4,北京->呼和浩特->济南->成都
126,2424.00,4,北京->济南->西宁->成都
127,2424.00,4,北京->呼和浩特->天津->成都
128,2425.00,4,北京->南昌->重庆->成都
129,2433.00,4,北京->天津->南昌->成都
130,2435.00,4,北京->合肥->南昌->成都
131,2440.00,4,北京->南昌->长沙->成都
132,2440.00,4,北京->武汉->贵阳->成都
133,2452.00,4,北京->合肥->南京->成都
134,2454.00,4,北京->石家庄->南京->成都
135,2462.00,4,北京->南京->西安->成都
136,2465.00,4,北京->太原->合肥->成都
137,2469.00,4,北京->武汉->南昌->成都
138,2477.00,4,北京->石家庄->南昌->成都
139,2477.00,4,北京->南京->郑州->成都
140,2486.00,4,北京->郑州->南昌->成都
141,2490.00,4,北京->南昌->武汉->成都
142,2505.00,4,北京->西宁->重庆->成都
143,2507.00,4,北京->长沙->贵阳->成都
144,2512.00,4,北京->南京->长沙->成都
145,2528.00,4,北京->南京->南昌->成都
146,2529.00,4,北京->武汉->郑州->成都
147,2547.00,4,北京->呼和浩特->武汉->成都
148,2552.00,4,北京->西安->武汉->成都
149,2553.00,4,北京->西安->太原->成都
150,2569.00,4,北京->银川->太原->成都
151,2578.00,4,北京->呼和浩特->贵阳->成都
152,2592.00,4,北京->郑州->南京->成都
153,2600.00,4,北京->合肥->贵阳->成都
154,2604.00,4,北京->西安->长沙->成都
155,2624.00,4,北京->长沙->武汉->成都
156,2625.00,4,北京->武汉->合肥->成都
157,2631.00,4,北京->太原->南昌->成都
158,2632.00,4,北京->郑州->呼和浩特->成都
159,2637.00,4,北京->西宁->西安->成都
160,2642.00,4,北京->重庆->西安->成都
161,2651.00,4,北京->西宁->银川->成都
162,2666.00,4,北京->杭州->武汉->成都
163,2666.00,3,北京->杭州->成都
164,2672.00,4,北京->天津->杭州->成都
165,2675.00,4,北京->济南->杭州->成都
166,2676.00,4,北京->南京->杭州->成都
167,2678.00,4,北京->银川->郑州->成都
168,2678.00,4,北京->太原->南京->成都
169,2699.00,4,北京->南昌->贵阳->成都
170,2706.00,4,北京->杭州->重庆->成都
171,2712.00,4,北京->郑州->天津->成都
172,2715.00,4,北京->杭州->合肥->成都
173,2723.00,4,北京->呼和浩特->长沙->成都
174,2723.00,4,北京->银川->贵阳->成都
175,2724.00,3,北京->上海->成都
176,2726.00,4,北京->石家庄->昆明->成都
177,2726.00,4,北京->天津->上海->成都
178,2726.00,4,北京->重庆->昆明->成都
179,2726.00,3,北京->昆明->成都
180,2727.00,4,北京->长沙->西安->成都
181,2730.00,4,北京->上海->合肥->成都
182,2731.00,4,北京->上海->武汉->成都
183,2734.00,4,北京->杭州->南昌->成都
184,2739.00,4,北京->上海->南京->成都
185,2740.00,4,北京->西安->昆明->成都
186,2741.00,4,北京->南京->贵阳->成都
187,2745.00,4,北京->太原->昆明->成都
188,2745.00,3,北京->沈阳->成都
189,2746.00,4,北京->沈阳->天津->成都
190,2746.00,4,北京->沈阳->西安->成都
191,2748.00,4,北京->沈阳->石家庄->成都
192,2754.00,4,北京->济南->上海->成都
193,2759.00,4,北京->南昌->西安->成都
194,2762.00,4,北京->杭州->长沙->成都
195,2763.00,4,北京->沈阳->太原->成都
196,2764.00,4,北京->合肥->杭州->成都
197,2764.00,4,北京->郑州->昆明->成都
198,2770.00,4,北京->杭州->南京->成都
199,2772.00,4,北京->银川->呼和浩特->成都
200,2774.00,4,北京->上海->杭州->成都
201,2776.00,4,北京->上海->重庆->成都
202,2782.00,4,北京->沈阳->郑州->成都
203,2783.00,4,北京->呼和浩特->合肥->成都
204,2786.00,4,北京->沈阳->济南->成都
205,2786.00,4,北京->长沙->南昌->成都
206,2794.00,4,北京->兰州->贵阳->成都
207,2798.00,4,北京->贵阳->昆明->成都
208,2798.00,4,北京->合肥->济南->成都
209,2800.00,4,北京->武汉->兰州->成都
210,2805.00,4,北京->南京->济南->成都
211,2811.00,4,北京->天津->昆明->成都
212,2812.00,4,北京->合肥->太原->成都
213,2822.00,4,北京->石家庄->杭州->成都
214,2825.00,4,北京->南京->上海->成都
215,2826.00,4,北京->合肥->兰州->成都
216,2826.00,4,北京->西安->石家庄->成都
217,2832.00,4,北京->天津->沈阳->成都
218,2834.00,4,北京->重庆->兰州->成都
219,2835.00,4,北京->上海->南昌->成都
220,2857.00,4,北京->上海->长沙->成都
221,2871.00,4,北京->银川->石家庄->成都
222,2872.00,4,北京->济南->昆明->成都
223,2879.00,4,北京->杭州->西安->成都
224,2882.00,4,北京->南京->太原->成都
225,2889.00,4,北京->合肥->石家庄->成都
226,2889.00,4,北京->南昌->合肥->成都
227,2893.00,4,北京->上海->西安->成都
228,2902.00,4,北京->上海->郑州->成都
229,2912.00,4,北京->武汉->南京->成都
230,2920.00,4,北京->石家庄->上海->成都
231,2921.00,4,北京->沈阳->呼和浩特->成都
232,2925.00,4,北京->杭州->郑州->成都
233,2927.00,4,北京->沈阳->重庆->成都
234,2933.00,4,北京->南京->石家庄->成都
235,2946.00,4,北京->郑州->杭州->成都
236,2953.00,4,北京->南京->兰州->成都
237,2954.00,4,北京->杭州->上海->成都
238,2959.00,4,北京->合肥->上海->成都
239,2966.00,4,北京->呼和浩特->南昌->成都
240,2968.00,4,北京->南昌->郑州->成都
241,2973.00,4,北京->昆明->重庆->成都
242,2977.00,4,北京->呼和浩特->南京->成都
243,2980.00,4,北京->武汉->昆明->成都
244,2982.00,4,北京->西安->南昌->成都
245,2991.00,4,北京->武汉->太原->成都
246,2992.00,4,北京->呼和浩特->昆明->成都
247,3004.00,4,北京->沈阳->银川->成都
248,3007.00,4,北京->西安->合肥->成都
249,3009.00,4,北京->合肥->银川->成都
250,3012.00,4,北京->银川->武汉->成都
251,3015.00,4,北京->西安->呼和浩特->成都
252,3018.00,4,北京->重庆->长沙->成都
253,3018.00,4,北京->郑州->南宁->成都
254,3019.00,3,北京->南宁->成都
255,3021.00,4,北京->南宁->贵阳->成都
256,3021.00,4,北京->杭州->贵阳->成都
257,3028.00,4,北京->昆明->贵阳->成都
258,3029.00,4,北京->沈阳->兰州->成都
259,3031.00,4,北京->石家庄->南宁->成都
260,3044.00,4,北京->太原->杭州->成都
261,3049.00,4,北京->长沙->昆明->成都
262,3054.00,4,北京->银川->昆明->成都
263,3059.00,4,北京->兰州->昆明->成都
264,3060.00,4,北京->武汉->银川->成都
265,3063.00,4,北京->西安->济南->成都
266,3063.00,4,北京->西宁->贵阳->成都
267,3070.00,4,北京->重庆->西宁->成都
268,3070.00,4,北京->长沙->南宁->成都
269,3073.00,4,北京->武汉->南宁->成都
270,3075.00,4,北京->天津->南宁->成都
271,3084.00,4,北京->济南->南宁->成都
272,3086.00,4,北京->南宁->重庆->成都
273,3089.00,4,北京->沈阳->武汉->成都
274,3090.00,4,北京->长沙->郑州->成都
275,3092.00,4,北京->武汉->西宁->成都
276,3093.00,4,北京->银川->长沙->成都
277,3098.00,4,北京->太原->南宁->成都
278,3103.00,4,北京->兰州->郑州->成都
279,3103.00,4,北京->郑州->上海->成都
280,3108.00,4,北京->兰州->太原->成都
281,3111.00,4,北京->上海->贵阳->成都
282,3115.00,4,北京->南京->银川->成都
283,3119.00,4,北京->沈阳->合肥->成都
284,3120.00,4,北京->合肥->西宁->成都
285,3123.00,3,北京->广州->成都
286,3123.00,4,北京->武汉->广州->成都
287,3125.00,4,北京->南昌->南京->成都
288,3130.00,4,北京->济南->福州->成都
289,3130.00,3,北京->福州->成都
290,3130.00,4,北京->武汉->济南->成都
291,3131.00,4,北京->福州->长沙->成都
292,3132.00,4,北京->广州->重庆->成都
293,3132.00,4,北京->武汉->石家庄->成都
294,3134.00,4,北京->南京->福州->成都
295,3137.00,4,北京->长沙->广州->成都
296,3137.00,4,北京->福州->重庆->成都
297,3139.00,4,北京->合肥->福州->成都
298,3140.00,4,北京->合肥->昆明->成都
299,3141.00,4,北京->天津->福州->成都
300,3144.00,4,北京->济南->广州->成都
301,3148.00,4,北京->武汉->杭州->成都
302,3149.00,4,北京->郑州->广州->成都
303,3152.00,4,北京->南昌->广州->成都
304,3156.00,4,北京->贵阳->南宁->成都
305,3157.00,4,北京->天津->广州->成都
306,3161.00,4,北京->上海->济南->成都
307,3162.00,4,北京->西安->南宁->成都
308,3163.00,4,北京->福州->南昌->成都
309,3164.00,4,北京->太原->上海->成都
310,3165.00,4,北京->石家庄->广州->成都
311,3166.00,4,北京->杭州->福州->成都
312,3171.00,4,北京->长沙->兰州->成都
313,3172.00,4,北京->广州->贵阳->成都
314,3180.00,4,北京->合肥->广州->成都
315,3185.00,4,北京->长沙->合肥->成都
316,3191.00,4,北京->沈阳->南京->成都
317,3204.00,4,北京->重庆->南宁->成都
318,3206.00,4,北京->合肥->南宁->成都
319,3209.00,4,北京->重庆->武汉->成都
320,3215.00,4,北京->南昌->南宁->成都
321,3220.00,4,北京->贵阳->西安->成都
322,3226.00,4,北京->南京->天津->成都
323,3227.00,3,北京->长春->成都
324,3228.00,4,北京->长春->西安->成都
325,3228.00,4,北京->长春->石家庄->成都
326,3229.00,4,北京->银川->济南->成都
327,3231.00,4,北京->合肥->天津->成都
328,3231.00,4,北京->长春->天津->成都
329,3233.00,4,北京->长春->太原->成都
330,3237.00,4,北京->南昌->杭州->成都
331,3240.00,4,北京->福州->武汉->成都
332,3241.00,4,北京->南昌->昆明->成都
333,3244.00,4,北京->南昌->兰州->成都
334,3245.00,4,北京->石家庄->福州->成都
335,3246.00,4,北京->南京->西宁->成都
336,3247.00,4,北京->上海->福州->成都
337,3253.00,4,北京->长春->沈阳->成都
338,3262.00,4,北京->杭州->济南->成都
339,3264.00,4,北京->石家庄->沈阳->成都
340,3264.00,4,北京->南昌->福州->成都
341,3266.00,4,北京->南京->广州->成都
342,3266.00,4,北京->沈阳->西宁->成都
343,3269.00,4,北京->沈阳->长春->成都
344,3271.00,4,北京->西宁->昆明->成都
345,3280.00,4,北京->太原->广州->成都
346,3281.00,4,北京->长春->郑州->成都
347,3282.00,4,北京->上海->太原->成都
348,3282.00,4,北京->西安->南京->成都
349,3283.00,4,北京->南京->昆明->成都
350,3288.00,4,北京->贵阳->长沙->成都
351,3288.00,4,北京->济南->沈阳->成都
352,3290.00,4,北京->长春->济南->成都
353,3295.00,4,北京->郑州->福州->成都
354,3297.00,4,北京->南宁->昆明->成都
355,3313.00,4,北京->沈阳->长沙->成都
356,3313.00,4,北京->上海->石家庄->成都
357,3317.00,3,北京->澳门->成都
358,3318.00,4,北京->兰州->武汉->成都
359,3319.00,4,北京->武汉->澳门->成都
360,3320.00,4,北京->武汉->福州->成都
361,3321.00,4,北京->重庆->银川->成都
362,3322.00,4,北京->兰州->长沙->成都
363,3326.00,4,北京->南京->南宁->成都
364,3327.00,4,北京->广州->澳门->成都
365,3328.00,4,北京->澳门->重庆->成都
366,3329.00,4,北京->澳门->广州->成都
367,3333.00,4,北京->天津->长春->成都
368,3334.00,4,北京->福州->贵阳->成都
369,3335.00,3,北京->香港->成都
370,3335.00,4,北京->济南->澳门->成都
371,3335.00,4,北京->南昌->澳门->成都
372,3335.00,4,北京->香港->广州->成都
373,3336.00,4,北京->合肥->呼和浩特->成都
374,3339.00,4,北京->长沙->澳门->成都
375,3340.00,4,北京->长春->呼和浩特->成都
376,3341.00,4,北京->武汉->香港->成都
377,3342.00,4,北京->杭州->太原->成都
378,3343.00,4,北京->香港->重庆->成都
379,3344.00,4,北京->南昌->香港->成都
380,3345.00,4,北京->呼和浩特->杭州->成都
381,3348.00,4,北京->郑州->澳门->成都
382,3349.00,4,北京->济南->香港->成都
383,3350.00,4,北京->天津->澳门->成都
384,3354.00,4,北京->澳门->贵阳->成都
385,3354.00,4,北京->西安->天津->成都
386,3357.00,4,北京->广州->长沙->成都
387,3363.00,4,北京->石家庄->澳门->成都
388,3363.00,4,北京->广州->南宁->成都
389,3363.00,4,北京->合肥->澳门->成都
390,3365.00,4,北京->天津->香港->成都
391,3368.00,4,北京->重庆->郑州->成都
392,3369.00,4,北京->银川->天津->成都
393,3370.00,4,北京->合肥->香港->成都
394,3372.00,4,北京->长沙->香港->成都
395,3374.00,4,北京->郑州->香港->成都
396,3377.00,4,北京->杭州->兰州->成都
397,3381.00,4,北京->香港->贵阳->成都
398,3384.00,4,北京->上海->兰州->成都
399,3386.00,4,北京->石家庄->香港->成都
400,3387.00,4,北京->广州->香港->成都
401,3387.00,4,北京->南京->呼和浩特->成都
402,3387.00,4,北京->兰州->呼和浩特->成都
403,3393.00,4,北京->沈阳->南昌->成都
404,3393.00,4,北京->武汉->上海->成都
405,3394.00,4,北京->银川->合肥->成都
406,3395.00,4,北京->杭州->石家庄->成都
407,3405.00,4,北京->杭州->广州->成都
408,3406.00,4,北京->呼和浩特->南宁->成都
409,3414.00,4,北京->兰州->石家庄->成都
410,3418.00,4,北京->西宁->太原->成都
411,3419.00,4,北京->沈阳->贵阳->成都
412,3421.00,4,北京->长春->重庆->成都
413,3424.00,4,北京->贵阳->兰州->成都
414,3432.00,4,北京->南昌->太原->成都
415,3432.00,4,北京->太原->福州->成都
416,3437.00,4,北京->长春->银川->成都
417,3440.00,4,北京->西宁->郑州->成都
418,3441.00,4,北京->呼和浩特->上海->成都
419,3442.00,4,北京->南京->香港->成都
420,3442.00,4,北京->南京->澳门->成都
421,3448.00,4,北京->银川->南昌->成都
422,3452.00,4,北京->长沙->西宁->成都
423,3455.00,4,北京->长沙->南京->成都
424,3459.00,4,北京->西安->广州->成都
425,3471.00,4,北京->沈阳->上海->成都
426,3475.00,4,北京->长春->兰州->成都
427,3481.00,4,北京->太原->澳门->成都
428,3483.00,4,北京->沈阳->杭州->成都
429,3487.00,4,北京->福州->广州->成都
430,3492.00,4,北京->福州->合肥->成都
431,3496.00,4,北京->澳门->南宁->成都
432,3505.00,4,北京->南昌->济南->成都
433,3506.00,4,北京->呼和浩特->沈阳->成都
434,3508.00,4,北京->长沙->银川->成都
435,3510.00,4,北京->太原->香港->成都
436,3512.00,4,北京->上海->广州->成都
437,3514.00,4,北京->福州->西安->成都
438,3517.00,4,北京->南昌->银川->成都
439,3518.00,4,北京->南昌->上海->成都
440,3522.00,3,北京->海口->成都
441,3522.00,4,北京->海口->贵阳->成都
442,3525.00,4,北京->长沙->海口->成都
443,3529.00,4,北京->郑州->海口->成都
444,3530.00,4,北京->海口->南宁->成都
445,3531.00,4,北京->杭州->南宁->成都
446,3532.00,4,北京->武汉->海口->成都
447,3533.00,4,北京->武汉->呼和浩特->成都
448,3534.00,4,北京->南昌->西宁->成都
449,3535.00,4,北京->重庆->南昌->成都
450,3536.00,4,北京->长沙->太原->成都
451,3537.00,4,北京->上海->银川->成都
452,3538.00,3,北京->台北->成都
453,3538.00,4,北京->台北->福州->成都
454,3538.00,4,北京->台北->长沙->成都
455,3539.00,4,北京->杭州->台北->成都
456,3540.00,4,北京->香港->南宁->成都
457,3540.00,4,北京->香港->长沙->成都
458,3540.00,4,北京->南京->台北->成都
459,3544.00,4,北京->台北->重庆->成都
460,3545.00,4,北京->济南->台北->成都
461,3545.00,4,北京->天津->台北->成都
462,3547.00,4,北京->石家庄->海口->成都
463,3549.00,4,北京->上海->天津->成都
464,3553.00,4,北京->南昌->石家庄->成都
465,3554.00,4,北京->太原->沈阳->成都
466,3554.00,4,北京->武汉->天津->成都
467,3556.00,4,北京->杭州->香港->成都
468,3561.00,4,北京->澳门->长沙->成都
469,3561.00,4,北京->济南->海口->成都
470,3562.00,4,北京->杭州->银川->成都
471,3564.00,4,北京->杭州->昆明->成都
472,3565.00,4,北京->杭州->澳门->成都
473,3566.00,4,北京->天津->海口->成都
474,3567.00,4,北京->台北->南昌->成都
475,3568.00,4,北京->福州->杭州->成都
476,3572.00,4,北京->海口->重庆->成都
477,3574.00,4,北京->上海->台北->成都
478,3578.00,4,北京->长沙->福州->成都
479,3580.00,4,北京->合肥->台北->成都
480,3588.00,4,北京->贵阳->武汉->成都
481,3594.00,4,北京->福州->香港->成都
482,3597.00,4,北京->长春->武汉->成都
483,3597.00,4,北京->广州->海口->成都
484,3603.00,4,北京->广州->昆明->成都
485,3604.00,4,北京->南昌->海口->成都
486,3604.00,4,北京->银川->南宁->成都
487,3605.00,4,北京->西安->杭州->成都
488,3611.00,4,北京->长沙->杭州->成都
489,3613.00,4,北京->呼和浩特->广州->成都
490,3615.00,4,北京->福州->澳门->成都
491,3625.00,4,北京->长春->合肥->成都
492,3626.00,4,北京->合肥->海口->成都
493,3630.00,4,北京->福州->台北->成都
494,3630.00,4,北京->福州->南京->成都
495,3631.00,3,北京->哈尔滨->成都
496,3631.00,4,北京->哈尔滨->太原->成都
497,3633.00,4,北京->哈尔滨->西安->成都
498,3635.00,4,北京->哈尔滨->石家庄->成都
499,3636.00,4,北京->台北->武汉->成都
500,3637.00,4,北京->太原->海口->成都
501,3637.00,4,北京->上海->南宁->成都
502,3643.00,4,北京->银川->南京->成都
503,3645.00,4,北京->贵阳->西宁->成都
504,3645.00,4,北京->哈尔滨->天津->成都
505,3646.00,4,北京->西宁->呼和浩特->成都
506,3651.00,4,北京->西宁->长沙->成都
507,3655.00,4,北京->上海->昆明->成都
508,3658.00,4,北京->西宁->武汉->成都
509,3658.00,4,北京->澳门->海口->成都
510,3661.00,4,北京->上海->香港->成都
511,3662.00,4,北京->昆明->南宁->成都
512,3663.00,4,北京->哈尔滨->长春->成都
513,3663.00,4,北京->西安->澳门->成都
514,3664.00,4,北京->重庆->太原->成都
515,3665.00,4,北京->长春->哈尔滨->成都
516,3667.00,4,北京->南宁->海口->成都
517,3671.00,4,北京->上海->澳门->成都
518,3671.00,4,北京->杭州->西宁->成都
519,3675.00,4,北京->杭州->天津->成都
520,3676.00,4,北京->重庆->广州->成都
521,3676.00,4,北京->福州->郑州->成都
522,3677.00,4,北京->上海->西宁->成都
523,3680.00,4,北京->石家庄->台北->成都
524,3688.00,4,北京->哈尔滨->沈阳->成都
525,3692.00,4,北京->兰州->南宁->成都
526,3694.00,4,北京->长春->南京->成都
527,3696.00,4,北京->福州->南宁->成都
528,3699.00,4,北京->长春->西宁->成都
529,3702.00,4,北京->哈尔滨->呼和浩特->成都
530,3702.00,4,北京->哈尔滨->郑州->成都
531,3702.00,4,北京->长沙->石家庄->成都
532,3702.00,4,北京->香港->海口->成都
533,3706.00,4,北京->沈阳->哈尔滨->成都
534,3709.00,4,北京->西安->香港->成都
535,3710.00,4,北京->广州->武汉->成都
536,3716.00,4,北京->南宁->长沙->成都
537,3717.00,4,北京->哈尔滨->济南->成都
538,3718.00,4,北京->广州->南昌->成都
539,3720.00,4,北京->长沙->济南->成都
540,3724.00,4,北京->西宁->石家庄->成都
541,3724.00,4,北京->南京->海口->成都
542,3728.00,4,北京->台北->贵阳->成都
543,3733.00,4,北京->贵阳->广州->成都
544,3736.00,4,北京->兰州->济南->成都
545,3741.00,4,北京->兰州->南昌->成都
546,3742.00,4,北京->西安->海口->成都
547,3749.00,4,北京->天津->哈尔滨->成都
548,3757.00,4,北京->呼和浩特->福州->成都
549,3757.00,4,北京->郑州->台北->成都
550,3759.00,4,北京->澳门->昆明->成都
551,3760.00,4,北京->南昌->台北->成都
552,3760.00,4,北京->石家庄->长春->成都
553,3765.00,4,北京->上海->呼和浩特->成都
554,3777.00,4,北京->兰州->合肥->成都
555,3787.00,4,北京->海口->昆明->成都
556,3789.00,4,北京->南宁->广州->成都
557,3789.00,4,北京->重庆->合肥->成都
558,3794.00,4,北京->贵阳->海口->成都
559,3798.00,4,北京->香港->昆明->成都
560,3799.00,4,北京->西安->上海->成都
561,3802.00,4,北京->哈尔滨->银川->成都
562,3802.00,4,北京->广州->西安->成都
563,3808.00,4,北京->武汉->台北->成都
564,3808.00,4,北京->济南->长春->成都
565,3809.00,3,北京->拉萨->成都
566,3810.00,4,北京->兰州->拉萨->成都
567,3815.00,4,北京->呼和浩特->澳门->成都
568,3817.00,4,北京->台北->广州->成都
569,3821.00,4,北京->长春->长沙->成都
570,3823.00,4,北京->太原->拉萨->成都
571,3826.00,4,北京->贵阳->南昌->成都
572,3827.00,4,北京->重庆->海口->成都
573,3829.00,4,北京->福州->上海->成都
574,3831.00,4,北京->西宁->拉萨->成都
575,3832.00,4,北京->银川->拉萨->成都
576,3836.00,4,北京->哈尔滨->重庆->成都
577,3838.00,4,北京->西安->福州->成都
578,3841.00,4,北京->台北->合肥->成都
579,3845.00,4,北京->呼和浩特->香港->成都
580,3848.00,4,北京->哈尔滨->兰州->成都
581,3849.00,4,北京->杭州->呼和浩特->成都
582,3849.00,4,北京->台北->杭州->成都
583,3851.00,4,北京->福州->昆明->成都
584,3852.00,4,北京->石家庄->拉萨->成都
585,3858.00,4,北京->香港->南昌->成都
586,3870.00,4,北京->重庆->澳门->成都
587,3874.00,4,北京->昆明->西安->成都
588,3876.00,4,北京->香港->武汉->成都
589,3877.00,4,北京->杭州->海口->成都
590,3877.00,4,北京->贵阳->郑州->成都
591,3884.00,4,北京->太原->台北->成都
592,3886.00,4,北京->长沙->上海->成都
593,3886.00,4,北京->海口->广州->成都
594,3891.00,4,北京->台北->香港->成都
595,3892.00,4,北京->郑州->沈阳->成都
596,3892.00,4,北京->呼和浩特->拉萨->成都
597,3899.00,4,北京->长春->南昌->成都
598,3903.00,4,北京->澳门->南昌->成都
599,3908.00,4,北京->澳门->武汉->成都
600,3910.00,4,北京->西安->拉萨->成都
601,3912.00,4,北京->台北->西安->成都
602,3913.00,4,北京->贵阳->澳门->成都
603,3917.00,4,北京->重庆->石家庄->成都
604,3918.00,4,北京->台北->澳门->成都
605,3919.00,4,北京->昆明->兰州->成都
606,3919.00,4,北京->沈阳->昆明->成都
607,3919.00,4,北京->贵阳->银川->成都
608,3920.00,4,北京->南宁->澳门->成都
609,3921.00,4,北京->长春->贵阳->成都
610,3931.00,4,北京->南宁->西安->成都
611,3934.00,4,北京->兰州->天津->成都
612,3939.00,4,北京->重庆->香港->成都
613,3939.00,4,北京->南昌->天津->成都
614,3941.00,4,北京->呼和浩特->长春->成都
615,3944.00,4,北京->台北->南京->成都
616,3945.00,4,北京->海口->澳门->成都
617,3947.00,4,北京->天津->拉萨->成都
618,3947.00,4,北京->银川->广州->成都
619,3953.00,4,北京->福州->海口->成都
620,3957.00,4,北京->长春->上海->成都
621,3959.00,4,北京->呼和浩特->海口->成都
622,3965.00,4,北京->西宁->南宁->成都
623,3973.00,4,北京->南昌->呼和浩特->成都
624,3977.00,4,北京->长春->杭州->成都
625,3983.00,4,北京->沈阳->福州->成都
626,3984.00,4,北京->上海->海口->成都
627,3994.00,4,北京->贵阳->香港->成都
628,3996.00,4,北京->银川->杭州->成都
629,4000.00,4,北京->香港->西安->成都
630,4001.00,4,北京->福州->兰州->成都
631,4008.00,4,北京->澳门->西安->成都
632,4018.00,4,北京->南宁->香港->成都
633,4030.00,4,北京->哈尔滨->武汉->成都
634,4034.00,4,北京->海口->长沙->成都
635,4040.00,4,北京->太原->长春->成都
636,4043.00,4,北京->海口->香港->成都
637,4046.00,4,北京->台北->郑州->成都
638,4047.00,4,北京->兰州->南京->成都
639,4049.00,4,北京->台北->南宁->成都
640,4053.00,4,北京->郑州->拉萨->成都
641,4059.00,4,北京->西宁->济南->成都
642,4060.00,4,北京->昆明->长沙->成都
643,4060.00,4,北京->哈尔滨->西宁->成都
644,4061.00,4,北京->哈尔滨->合肥->成都
645,4064.00,4,北京->台北->上海->成都
646,4076.00,4,北京->长沙->呼和浩特->成都
647,4077.00,4,北京->长沙->台北->成都
648,4079.00,4,北京->西宁->南昌->成都
649,4080.00,4,北京->重庆->南京->成都
650,4083.00,4,北京->昆明->西宁->成都
651,4085.00,4,北京->重庆->济南->成都
652,4086.00,4,北京->南宁->武汉->成都
653,4119.00,4,北京->西宁->合肥->成都
654,4119.00,4,北京->福州->济南->成都
655,4120.00,4,北京->兰州->广州->成都
656,4128.00,4,北京->沈阳->南宁->成都
657,4130.00,4,北京->济南->拉萨->成都
658,4130.00,4,北京->哈尔滨->南京->成都
659,4132.00,4,北京->福州->太原->成都
660,4133.00,4,北京->重庆->呼和浩特->成都
661,4138.00,4,北京->沈阳->广州->成都
662,4141.00,4,北京->长沙->天津->成都
663,4151.00,4,北京->银川->上海->成都
664,4151.00,4,北京->银川->澳门->成都
665,4154.00,4,北京->广州->福州->成都
666,4169.00,4,北京->石家庄->哈尔滨->成都
667,4181.00,4,北京->贵阳->合肥->成都
668,4186.00,4,北京->南京->沈阳->成都
669,4187.00,4,北京->南宁->兰州->成都
670,4189.00,4,北京->广州->兰州->成都
671,4196.00,4,北京->重庆->拉萨->成都
672,4197.00,4,北京->广州->郑州->成都
673,4198.00,4,北京->银川->香港->成都
674,4200.00,4,北京->广州->合肥->成都
675,4200.00,4,北京->呼和浩特->台北->成都
676,4206.00,4,北京->银川->海口->成都
677,4207.00,4,北京->南宁->南昌->成都
678,4209.00,4,北京->香港->福州->成都
679,4220.00,4,北京->福州->石家庄->成都
680,4223.00,4,北京->贵阳->太原->成都
681,4235.00,4,北京->台北->昆明->成都
682,4235.00,4,北京->西宁->天津->成都
683,4237.00,4,北京->济南->哈尔滨->成都
684,4254.00,4,北京->哈尔滨->长沙->成都
685,4257.00,4,北京->合肥->沈阳->成都
686,4258.00,4,北京->台北->海口->成都
687,4265.00,4,北京->福州->银川->成都
688,4284.00,4,北京->澳门->福州->成都
689,4289.00,4,北京->昆明->海口->成都
690,4290.00,4,北京->福州->西宁->成都
691,4297.00,4,北京->银川->福州->成都
692,4305.00,4,北京->呼和浩特->哈尔滨->成都
693,4314.00,4,北京->拉萨->重庆->成都
694,4316.00,4,北京->兰州->海口->成都
695,4316.00,4,北京->沈阳->台北->成都
696,4319.00,4,北京->重庆->杭州->成都
697,4319.00,4,北京->沈阳->澳门->成都
698,4322.00,4,北京->兰州->澳门->成都
699,4323.00,4,北京->沈阳->香港->成都
700,4328.00,4,北京->西安->台北->成都
701,4335.00,4,北京->哈尔滨->南昌->成都
702,4338.00,4,北京->香港->合肥->成都
703,4343.00,4,北京->哈尔滨->贵阳->成都
704,4348.00,4,北京->重庆->福州->成都
705,4358.00,4,北京->昆明->武汉->成都
706,4370.00,4,北京->香港->郑州->成都
707,4374.00,4,北京->海口->西安->成都
708,4377.00,4,北京->兰州->杭州->成都
709,4380.00,4,北京->兰州->香港->成都
710,4380.00,4,北京->上海->沈阳->成都
711,4385.00,4,北京->澳门->合肥->成都
712,4388.00,4,北京->西宁->南京->成都
713,4389.00,4,北京->哈尔滨->上海->成都
714,4393.00,4,北京->澳门->兰州->成都
715,4394.00,4,北京->昆明->广州->成都
716,4397.00,4,北京->香港->兰州->成都
717,4398.00,4,北京->澳门->郑州->成都
718,4402.00,4,北京->台北->兰州->成都
719,4407.00,4,北京->郑州->长春->成都
720,4408.00,4,北京->海口->武汉->成都
721,4411.00,4,北京->哈尔滨->杭州->成都
722,4412.00,4,北京->南宁->西宁->成都
723,4415.00,4,北京->长春->昆明->成都
724,4429.00,4,北京->广州->南京->成都
725,4430.00,4,北京->西宁->广州->成都
726,4433.00,4,北京->重庆->天津->成都
727,4440.00,4,北京->太原->哈尔滨->成都
728,4442.00,4,北京->台北->济南->成都
729,4451.00,4,北京->广州->西宁->成都
730,4458.00,4,北京->贵阳->石家庄->成都
731,4459.00,4,北京->海口->南昌->成都
732,4465.00,4,北京->贵阳->南京->成都
733,4469.00,4,北京->拉萨->昆明->成都
734,4474.00,4,北京->广州->杭州->成都
735,4475.00,3,北京->乌鲁木齐->成都
736,4476.00,4,北京->呼和浩特->乌鲁木齐->成都
737,4476.00,4,北京->长春->福州->成都
738,4480.00,4,北京->昆明->银川->成都
739,4492.00,4,北京->台北->太原->成都
740,4492.00,4,北京->南宁->郑州->成都
741,4514.00,4,北京->拉萨->西宁->成都
742,4524.00,4,北京->武汉->拉萨->成都
743,4527.00,4,北京->银川->沈阳->成都
744,4541.00,4,北京->贵阳->拉萨->成都
745,4541.00,4,北京->拉萨->兰州->成都
746,4546.00,4,北京->福州->天津->成都
747,4548.00,4,北京->昆明->澳门->成都
748,4553.00,4,北京->香港->南京->成都
749,4555.00,4,北京->乌鲁木齐->西宁->成都
750,4561.00,4,北京->西安->沈阳->成都
751,4562.00,4,北京->贵阳->福州->成都
752,4563.00,4,北京->台北->石家庄->成都
753,4564.00,4,北京->兰州->上海->成都
754,4569.00,4,北京->重庆->上海->成都
755,4572.00,4,北京->杭州->沈阳->成都
756,4573.00,4,北京->香港->杭州->成都
757,4576.00,4,北京->广州->台北->成都
758,4580.00,4,北京->沈阳->海口->成都
759,4582.00,4,北京->广州->银川->成都
760,4583.00,4,北京->贵阳->济南->成都
761,4598.00,4,北京->昆明->南昌->成都
762,4598.00,4,北京->香港->台北->成都
763,4598.00,4,北京->昆明->拉萨->成都
764,4599.00,4,北京->兰州->福州->成都
765,4599.00,4,北京->西宁->海口->成都
766,4603.00,4,北京->昆明->郑州->成都
767,4607.00,4,北京->澳门->南京->成都
768,4629.00,4,北京->银川->乌鲁木齐->成都
769,4630.00,4,北京->西宁->澳门->成都
770,4635.00,4,北京->长春->南宁->成都
771,4636.00,4,北京->澳门->杭州->成都
772,4641.00,4,北京->昆明->香港->成都
773,4642.00,4,北京->拉萨->贵阳->成都
774,4643.00,4,北京->乌鲁木齐->兰州->成都
775,4644.00,4,北京->长春->广州->成都
776,4647.00,4,北京->合肥->拉萨->成都
777,4647.00,4,北京->广州->太原->成都
778,4651.00,4,北京->贵阳->杭州->成都
779,4652.00,4,北京->南宁->合肥->成都
780,4653.00,4,北京->澳门->西宁->成都
781,4653.00,4,北京->台北->银川->成都
782,4656.00,4,北京->太原->乌鲁木齐->成都
783,4660.00,4,北京->香港->西宁->成都
784,4660.00,4,北京->武汉->沈阳->成都
785,4663.00,4,北京->福州->呼和浩特->成都
786,4663.00,4,北京->石家庄->乌鲁木齐->成都
787,4665.00,4,北京->南宁->银川->成都
788,4666.00,4,北京->天津->乌鲁木齐->成都
789,4674.00,4,北京->海口->兰州->成都
790,4679.00,4,北京->澳门->台北->成都
791,4691.00,4,北京->西宁->香港->成都
792,4693.00,4,北京->台北->西宁->成都
793,4705.00,4,北京->南京->长春->成都
794,4712.00,4,北京->贵阳->呼和浩特->成都
795,4715.00,4,北京->长沙->拉萨->成都
796,4719.00,4,北京->西宁->杭州->成都
797,4761.00,4,北京->广州->上海->成都
798,4777.00,4,北京->银川->台北->成都
799,4779.00,4,北京->合肥->长春->成都
800,4781.00,4,北京->香港->银川->成都
801,4788.00,4,北京->澳门->银川->成都
802,4789.00,4,北京->南宁->福州->成都
803,4793.00,4,北京->南京->拉萨->成都
804,4795.00,4,北京->长春->台北->成都
805,4800.00,4,北京->广州->济南->成都
806,4807.00,4,北京->广州->石家庄->成都
807,4825.00,4,北京->香港->太原->成都
808,4825.00,4,北京->长春->澳门->成都
809,4828.00,4,北京->长春->香港->成都
810,4830.00,4,北京->郑州->哈尔滨->成都
811,4830.00,4,北京->西宁->乌鲁木齐->成都
812,4831.00,4,北京->哈尔滨->昆明->成都
813,4847.00,4,北京->重庆->台北->成都
814,4850.00,4,北京->澳门->太原->成都
815,4858.00,4,北京->香港->上海->成都
816,4858.00,4,北京->台北->天津->成都
817,4866.00,4,北京->海口->郑州->成都
818,4870.00,4,北京->兰州->乌鲁木齐->成都
819,4882.00,4,北京->上海->长春->成都
820,4890.00,4,北京->南昌->拉萨->成都
821,4891.00,4,北京->南宁->太原->成都
822,4903.00,4,北京->昆明->太原->成都
823,4905.00,4,北京->西宁->上海->成都
824,4909.00,4,北京->海口->福州->成都
825,4909.00,4,北京->海口->西宁->成都
826,4909.00,4,北京->哈尔滨->福州->成都
827,4915.00,4,北京->南宁->南京->成都
828,4915.00,4,北京->拉萨->西安->成都
829,4921.00,4,北京->贵阳->上海->成都
830,4922.00,4,北京->澳门->上海->成都
831,4935.00,4,北京->海口->合肥->成都
832,4936.00,4,北京->西宁->福州->成都
833,4951.00,4,北京->昆明->合肥->成都
834,4953.00,4,北京->香港->济南->成都
835,4959.00,4,北京->贵阳->天津->成都
836,4968.00,4,北京->乌鲁木齐->银川->成都
837,4976.00,4,北京->银川->长春->成都
838,4976.00,4,北京->香港->石家庄->成都
839,4985.00,4,北京->南昌->沈阳->成都
840,4989.00,4,北京->乌鲁木齐->重庆->成都
841,4993.00,4,北京->澳门->济南->成都
842,5007.00,4,北京->澳门->石家庄->成都
843,5014.00,4,北京->台北->呼和浩特->成都
844,5026.00,4,北京->南宁->杭州->成都
845,5029.00,4,北京->济南->乌鲁木齐->成都
846,5048.00,4,北京->贵阳->台北->成都
847,5050.00,4,北京->沈阳->拉萨->成都
848,5059.00,4,北京->西安->长春->成都
849,5066.00,4,北京->哈尔滨->南宁->成都
850,5080.00,4,北京->哈尔滨->广州->成都
851,5082.00,4,北京->杭州->长春->成都
852,5087.00,4,北京->长春->海口->成都
853,5089.00,4,北京->西安->乌鲁木齐->成都
854,5092.00,4,北京->兰州->台北->成都
855,5099.00,4,北京->南宁->石家庄->成都
856,5118.00,4,北京->兰州->沈阳->成都
857,5120.00,4,北京->郑州->乌鲁木齐->成都
858,5129.00,4,北京->拉萨->银川->成都
859,5130.00,4,北京->海口->银川->成都
860,5136.00,4,北京->乌鲁木齐->西安->成都
861,5143.00,4,北京->南京->哈尔滨->成都
862,5158.00,4,北京->杭州->拉萨->成都
863,5159.00,4,北京->昆明->石家庄->成都
864,5166.00,4,北京->南宁->济南->成都
865,5168.00,4,北京->南宁->拉萨->成都
866,5176.00,4,北京->海口->南京->成都
867,5184.00,4,北京->武汉->长春->成都
868,5186.00,4,北京->广州->呼和浩特->成都
869,5213.00,4,北京->上海->拉萨->成都
870,5217.00,4,北京->合肥->哈尔滨->成都
871,5223.00,4,北京->哈尔滨->台北->成都
872,5229.00,4,北京->广州->天津->成都
873,5234.00,4,北京->南宁->台北->成都
874,5235.00,4,北京->海口->杭州->成都
875,5237.00,4,北京->昆明->南京->成都
876,5251.00,4,北京->长沙->沈阳->成都
877,5261.00,4,北京->哈尔滨->澳门->成都
878,5264.00,4,北京->哈尔滨->香港->成都
879,5266.00,4,北京->乌鲁木齐->拉萨->成都
880,5293.00,4,北京->海口->太原->成都
881,5306.00,4,北京->海口->台北->成都
882,5309.00,4,北京->昆明->福州->成都
883,5312.00,4,北京->南宁->上海->成都
884,5316.00,4,北京->上海->哈尔滨->成都
885,5319.00,4,北京->昆明->济南->成都
886,5343.00,4,北京->银川->哈尔滨->成都
887,5356.00,4,北京->昆明->呼和浩特->成都
888,5366.00,4,北京->香港->呼和浩特->成都
889,5385.00,4,北京->香港->天津->成都
890,5390.00,4,北京->澳门->呼和浩特->成都
891,5403.00,4,北京->西宁->沈阳->成都
892,5404.00,4,北京->拉萨->南宁->成都
893,5405.00,4,北京->南宁->呼和浩特->成都
894,5424.00,4,北京->澳门->天津->成都
895,5424.00,4,北京->昆明->杭州->成都
896,5431.00,4,北京->西宁->台北->成都
897,5447.00,4,北京->广州->拉萨->成都
898,5466.00,4,北京->西安->哈尔滨->成都
899,5474.00,4,北京->福州->沈阳->成都
900,5478.00,4,北京->海口->石家庄->成都
901,5494.00,4,北京->长春->拉萨->成都
902,5506.00,4,北京->海口->济南->成都
903,5507.00,4,北京->南昌->长春->成都
904,5507.00,4,北京->乌鲁木齐->贵阳->成都
905,5518.00,4,北京->杭州->哈尔滨->成都
906,5522.00,4,北京->哈尔滨->海口->成都
907,5522.00,4,北京->海口->上海->成都
908,5564.00,4,北京->乌鲁木齐->昆明->成都
909,5573.00,4,北京->南宁->天津->成都
910,5580.00,4,北京->兰州->长春->成都
911,5584.00,4,北京->沈阳->乌鲁木齐->成都
912,5592.00,4,北京->福州->拉萨->成都
913,5597.00,4,北京->拉萨->长沙->成都
914,5615.00,4,北京->澳门->拉萨->成都
915,5619.00,4,北京->武汉->哈尔滨->成都
916,5629.00,4,北京->重庆->沈阳->成都
917,5650.00,4,北京->香港->拉萨->成都
918,5657.00,4,北京->海口->拉萨->成都
919,5674.00,4,北京->昆明->天津->成都
920,5695.00,4,北京->昆明->上海->成都
921,5715.00,4,北京->台北->沈阳->成都
922,5727.00,4,北京->乌鲁木齐->太原->成都
923,5753.00,4,北京->乌鲁木齐->呼和浩特->成都
924,5763.00,4,北京->拉萨->郑州->成都
925,5773.00,4,北京->拉萨->武汉->成都
926,5775.00,4,北京->长沙->长春->成都
927,5785.00,4,北京->昆明->台北->成都
928,5821.00,4,北京->海口->呼和浩特->成都
929,5829.00,4,北京->重庆->乌鲁木齐->成都
930,5852.00,4,北京->西宁->长春->成都
931,5852.00,4,北京->拉萨->太原->成都
932,5859.00,4,北京->哈尔滨->拉萨->成都
933,5862.00,4,北京->合肥->乌鲁木齐->成都
934,5872.00,4,北京->乌鲁木齐->郑州->成都
935,5875.00,4,北京->武汉->乌鲁木齐->成都
936,5911.00,4,北京->长春->乌鲁木齐->成都
937,5927.00,4,北京->海口->天津->成都
938,5945.00,4,北京->南昌->哈尔滨->成都
939,5955.00,4,北京->兰州->哈尔滨->成都
940,5970.00,4,北京->南京->乌鲁木齐->成都
941,5983.00,4,北京->福州->长春->成都
942,5995.00,4,北京->台北->拉萨->成都
943,6009.00,4,北京->乌鲁木齐->石家庄->成都
944,6030.00,4,北京->拉萨->海口->成都
945,6109.00,4,北京->拉萨->广州->成都
946,6118.00,4,北京->拉萨->南昌->成都
947,6127.00,4,北京->拉萨->呼和浩特->成都
948,6138.00,4,北京->贵阳->沈阳->成都
949,6139.00,4,北京->重庆->长春->成都
950,6156.00,4,北京->拉萨->石家庄->成都
951,6166.00,4,北京->乌鲁木齐->武汉->成都
952,6173.00,4,北京->乌鲁木齐->长沙->成都
953,6175.00,4,北京->哈尔滨->乌鲁木齐->成都
954,6210.00,4,北京->长沙->哈尔滨->成都
955,6210.00,4,北京->台北->长春->成都
956,6215.00,4,北京->西宁->哈尔滨->成都
957,6224.00,4,北京->拉萨->乌鲁木齐->成都
958,6249.00,4,北京->长沙->乌鲁木齐->成都
959,6275.00,4,北京->拉萨->澳门->成都
960,6296.00,4,北京->广州->沈阳->成都
961,6324.00,4,北京->南昌->乌鲁木齐->成都
962,6329.00,4,北京->拉萨->合肥->成都
963,6364.00,4,北京->贵阳->乌鲁木齐->成都
964,6364.00,4,北京->拉萨->香港->成都
965,6389.00,4,北京->乌鲁木齐->济南->成都
966,6392.00,4,北京->上海->乌鲁木齐->成都
967,6395.00,4,北京->乌鲁木齐->南宁->成都
968,6415.00,4,北京->杭州->乌鲁木齐->成都
969,6418.00,4,北京->福州->哈尔滨->成都
970,6429.00,4,北京->香港->沈阳->成都
971,6442.00,4,北京->乌鲁木齐->天津->成都
972,6448.00,4,北京->拉萨->济南->成都
973,6479.00,4,北京->澳门->沈阳->成都
974,6556.00,4,北京->重庆->哈尔滨->成都
975,6586.00,4,北京->乌鲁木齐->合肥->成都
976,6594.00,4,北京->乌鲁木齐->南昌->成都
977,6618.00,4,北京->拉萨->南京->成都
978,6640.00,4,北京->台北->哈尔滨->成都
979,6651.00,4,北京->昆明->乌鲁木齐->成都
980,6656.00,4,北京->贵阳->长春->成都
981,6681.00,4,北京->拉萨->天津->成都
982,6712.00,4,北京->南宁->沈阳->成都
983,6818.00,4,北京->广州->长春->成都
984,6837.00,4,北京->乌鲁木齐->南京->成都
985,6868.00,4,北京->昆明->沈阳->成都
986,6889.00,4,北京->拉萨->杭州->成都
987,6921.00,4,北京->拉萨->福州->成都
988,6933.00,4,北京->乌鲁木齐->广州->成都
989,6950.00,4,北京->香港->长春->成都
990,7001.00,4,北京->澳门->长春->成都
991,7027.00,4,北京->海口->沈阳->成都
992,7042.00,4,北京->乌鲁木齐->海口->成都
993,7080.00,4,北京->福州->乌鲁木齐->成都
994,7080.00,4,北京->贵阳->哈尔滨->成都
995,7117.00,4,北京->南宁->乌鲁木齐->成都
996,7124.00,4,北京->拉萨->上海->成都
997,7129.00,4,北京->乌鲁木齐->澳门->成都
998,7188.00,4,北京->乌鲁木齐->杭州->成都
999,7196.00,4,北京->乌鲁木齐->香港->成都
1000,7229.00,4,北京->广州->乌鲁木齐->成都
1001,7235.00,4,北京->南宁->长春->成都
1002,7256.00,4,北京->广州->哈尔滨->成都
1003,7345.00,4,北京->乌鲁木齐->上海->成都
1004,7380.00,4,北京->昆明->长春->成都
1005,7388.00,4,北京->香港->哈尔滨->成都
1006,7416.00,4,北京->拉萨->台北->成都
1007,7427.00,4,北京->澳门->乌鲁木齐->成都
1008,7439.00,4,北京->澳门->哈尔滨->成都
1009,7440.00,4,北京->香港->乌鲁木齐->成都
1010,7446.00,4,北京->乌鲁木齐->沈阳->成都
1011,7451.00,4,北京->乌鲁木齐->福州->成都
1012,7479.00,4,北京->台北->乌鲁木齐->成都
1013,7550.00,4,北京->海口->长春->成都
1014,7627.00,4,北京->海口->乌鲁木齐->成都
1015,7668.00,4,北京->南宁->哈尔滨->成都
1016,7789.00,4,北京->乌鲁木齐->长春->成都
1017,7798.00,4,北京->昆明->哈尔滨->成都
1018,7870.00,4,北京->拉萨->沈阳->成都
1019,7942.00,4,北京->乌鲁木齐->台北->成都
1020,7987.00,4,北京->海口->哈尔滨->成都
1021,8055.00,4,北京->乌鲁木齐->哈尔滨->成都
1022,8330.00,4,北京->拉萨->长春->成都
1023,8697.00,4,北京->拉萨->哈尔滨->成都
